tree
version=v3
num_class=1
num_tree_per_iteration=1
label_index=0
max_feature_idx=3
objective=binary sigmoid:1
feature_names=Column_0 Column_1 Column_2 Column_3
feature_infos=[2.9392967917374335e-06:0.99980109930038452] [0.0001751223171595484:0.99928265810012817] [9.9762073659803718e-05:0.99918872117996216] [5.0566824938869104e-05:0.99967730045318604]
tree_sizes=1378 1387 1396 1394 1079 1283 1502 1716 1719 1615 1521 1616 1634 1519 1624 1740 1740 1738 1738 1741 1738 1637 1854 1638 1636 1742 1835 1748 1745 1743 1628 1540 1638 1651 1653 1759

Tree=0
num_leaves=12
num_cat=0
split_feature=3 3 2 2 2 3 1 3 2 1 1
split_gain=31316.1 490.053 404.956 118.829 84.0048 39.0565 36.6166 17.1253 9.26303 3.67298 1.22606
threshold=0.99331513047218334 0.0018847643514163794 0.014820380136370661 0.0022553324233740572 0.014820380136370661 0.99828371405601513 0.99840664863586437 0.00026041775709018117 0.99751812219619762 0.99900710582733165 0.00072451189043931674
decision_type=2 2 2 2 2 2 2 2 2 2 2
left_child=1 4 5 10 7 -2 8 -1 -4 -8 -3
right_child=2 3 6 -5 -6 -7 9 -9 -10 -11 -12
leaf_value=-2.446286604456569 -1.8034022316780196 -2.2448796742103121 -1.3633780438660246 -1.8101688311213691 -2.1930838995134598 -1.5449720591589411 -1.2390655038328944 -2.399016380107613 -1.2698757700706269 -1.2070922611207844 -2.1887124193904808
leaf_weight=2545.4801580905914 11.472631826996805 7.8623630702495593 22.303438097238541 13.317880302667616 13.317880302667616 11.954000994563101 51.185588151216507 79.024771675467491 20.618646010756493 135.66587705910206 7.701906681060791
leaf_count=31728 143 98 278 166 166 149 638 985 257 1691 96
internal_value=-2.33872 -2.43911 -1.27539 -2.02944 -2.44359 -1.6715 -1.23501 -2.44486 -1.31844 -1.21584 -2.21708
internal_weight=0 2666.7 253.2 28.8822 2637.82 23.4266 229.774 2624.5 42.9221 186.851 15.5643
internal_count=36395 33239 3156 360 32879 292 2864 32713 535 2329 194
is_linear=0
shrinkage=1


Tree=1
num_leaves=12
num_cat=0
split_feature=0 0 2 1 2 2 1 0 1 0 0
split_gain=13124.1 239.298 63.6338 14.887 14.3102 12.56 6.58379 6.26682 4.66446 2.32097 1.6143
threshold=0.98644310235977184 0.0012062136665917935 0.014820380136370661 0.0085920025594532507 0.00064315221970900904 0.014820380136370661 0.0016622160910628738 8.3761507994495346e-05 0.99840664863586437 0.99940770864486705 0.99872398376464855
decision_type=2 2 2 2 2 2 2 2 2 2 2
left_child=1 5 3 -2 -3 7 -6 -1 10 -10 -4
right_child=2 4 8 -5 6 -7 -8 -9 9 -11 -12
leaf_value=-0.10771056669134001 0.64251941301446824 0.068974979404156769 0.43638229381729687 0.50276979565896085 0.2604801353042942 -0.023038168159335994 0.15336319967318554 -0.087968420440697692 0.40851135104207925 0.43588955295964055 0.46726258892548744
leaf_weight=2237.3028983771801 18.459487222135071 12.238801330327986 23.359834596514702 13.034003563225268 10.644906453788282 18.259023010730743 12.462466932833193 173.27332688122988 34.040560394525528 376.11339341104031 64.512747675180435
leaf_count=30440 169 149 155 103 104 168 104 2276 196 2136 395
internal_value=0 -0.101906 0.446828 0.5847 0.156412 -0.105666 0.202718 -0.106292 0.438108 0.433618 0.459059
internal_weight=0 2464.18 529.52 31.4935 35.3462 2428.84 23.1074 2410.58 498.027 410.154 87.8726
internal_count=36395 33241 3154 272 357 32884 208 32716 2882 2332 550
is_linear=0
shrinkage=0.1


Tree=2
num_leaves=12
num_cat=0
split_feature=0 0 3 3 3 3 1 1 1 0 0
split_gain=9038.94 140.928 33.5068 22.438 16.7781 4.80574 3.54838 2.27055 1.49229 1.09195 0.550781
threshold=0.0012062136665917935 0.98644310235977184 0.99331513047218334 0.00026041775709018117 0.99331513047218334 0.00018107685173163193 0.0016622160910628738 0.00067510860390029858 0.0016622160910628738 0.99940770864486705 2.4701472284505147e-05
decision_type=2 2 2 2 2 2 2 2 2 2 2
left_child=2 3 5 -2 8 10 -5 -7 -3 -6 -1
right_child=1 4 -4 6 9 7 -8 -9 -10 -11 -12
leaf_value=-0.10738890625351705 0.001517433385245579 0.41800298978036854 0.04819575957739157 0.20253697435090273 0.30704311573370313 -0.098470562968588693 0.13192370010935345 -0.073716246924115089 0.37163529608328305 0.31785045482345231 -0.10243942412294096
leaf_weight=1795.2989633381367 10.744093559682367 14.08495105803013 14.277356490492819 15.8734342828393 115.5567212253809 91.447700835764408 12.917204052209852 62.330091752111912 13.969199493527411 514.08612437546253 257.63925526291132
leaf_count=26811 130 100 107 134 563 1306 93 847 97 2394 3813
internal_value=0 0.308218 -0.104503 0.124841 0.31924 -0.10549 0.170861 -0.0884376 0.394929 0.315868 -0.106768
internal_weight=0 697.232 2220.99 39.5347 657.697 2206.72 28.7906 153.778 28.0542 629.643 2052.94
internal_count=36395 3511 32884 357 3154 32777 227 2153 197 2957 30624
is_linear=0
shrinkage=0.1


Tree=3
num_leaves=12
num_cat=0
split_feature=3 2 2 3 3 2 3 1 2 2 1
split_gain=6613.19 67.6696 55.5639 21.5423 16.6249 12.0756 6.71361 5.47058 4.58333 3.81579 0.893141
threshold=0.0018847643514163794 0.99326092004776012 0.0022553324233740572 0.00026041775709018117 0.99828371405601513 0.99326092004776012 0.99828371405601513 0.0016622160910628738 0.00064315221970900904 0.00047186111623886978 0.99840664863586437
decision_type=2 2 2 2 2 2 2 2 2 2 2
left_child=1 3 4 7 9 6 -4 -1 -5 -2 -7
right_child=2 -3 5 8 -6 10 -8 -9 -10 -11 -12
leaf_value=-0.10476544231061601 0.0703916715956978 0.16382988749352875 0.18377593774850765 -0.066012008904590261 0.21717768085285272 0.24610712981933169 0.24148768523800346 -0.050145883713243272 -0.012140460060963178 0.13854657348463714 0.25641260394797444
leaf_weight=1930.9459586143494 18.401057325303555 9.6020722314715368 38.846485659480095 49.14753607660532 19.476974427700043 100.56509026885033 41.95481550693512 18.515979200601578 23.271249890327454 14.844948902726172 537.41612480580807
leaf_count=31514 165 87 218 717 101 449 188 262 299 122 2273
internal_value=0 -0.100999 0.242907 -0.102257 0.143813 0.250175 0.213744 -0.104247 -0.0487012 0.100827 0.254789
internal_weight=0 2031.48 771.505 2021.88 52.723 718.783 80.8013 1949.46 72.4188 33.246 637.981
internal_count=36395 32879 3516 32792 388 3128 406 31776 1016 287 2722
is_linear=0
shrinkage=0.1


Tree=4
num_leaves=9
num_cat=0
split_feature=0 0 3 3 2 3 0 0
split_gain=5669.89 73.3078 25.1198 8.69221 6.88287 4.31976 3.39361 1.42036
threshold=0.0012062136665917935 0.98644310235977184 0.99331513047218334 0.00032114205532707279 0.014820380136370661 0.99331513047218334 0.00015860194253036755 0.99940770864486705
decision_type=2 2 2 2 2 2 2 2
left_child=2 3 4 -2 6 -3 -1 -7
right_child=1 5 -4 -5 -6 7 -8 -9
leaf_value=-0.10502989521063771 0.018823958013700882 0.25531111911061266 0.020553981347694594 0.1173991601229582 -0.033081342699323439 0.21098110217099564 -0.083430823537171517 0.22234737202240329
leaf_weight=1756.4177118428051 12.382607899606226 36.917504265904427 16.439638167619705 32.227989576756954 13.736521765589712 135.63176040351391 75.910704296082258 591.15030796825886
leaf_count=31385 152 197 107 205 142 563 1250 2394
internal_value=0 0.214644 -0.102511 0.0900386 -0.103606 0.221923 -0.104135 0.220226
internal_weight=0 808.31 1862.5 44.6106 1846.06 763.7 1832.33 726.782
internal_count=36395 3511 32884 357 32777 3154 32635 2957
is_linear=0
shrinkage=0.1


Tree=5
num_leaves=11
num_cat=0
split_feature=0 0 3 2 3 0 0 3 2 3
split_gain=4688.75 62.3703 24.1174 7.02076 6.23377 3.7434 3.63688 1.84294 0.717773 0.011803
threshold=0.0012062136665917935 0.98644310235977184 0.99331513047218334 0.014820380136370661 0.00032114205532707279 0.99872398376464855 0.00015860194253036755 0.99828371405601513 0.014820380136370661 0.99331513047218334
decision_type=2 2 2 2 2 2 2 2 2 2
left_child=2 4 3 6 -2 8 -1 -7 -3 -6
right_child=1 5 -4 -5 9 7 -8 -9 -10 -11
leaf_value=-0.10427028445846812 0.016670713956513369 0.18715123352150717 0.01826086101502802 -0.03058708584340572 0.096859998491602567 0.21602097703109685 -0.081072507379388148 0.19664474537620705 0.1683562952532984 0.1007433539885943
leaf_weight=1600.2620433233678 12.573177471756933 34.043621987104416 16.642372325062752 13.389893405139444 15.480971574783323 53.28750541806221 70.583901587873697 640.10183326900005 50.947020620107651 18.79595784842968
leaf_count=31385 152 153 107 142 113 229 1250 2562 210 92
internal_value=0 0.188961 -0.101529 -0.102712 0.0769005 0.195705 -0.10329 0.198134 0.175887 0.0989924
internal_weight=0 825.23 1700.88 1684.24 46.8501 778.38 1670.85 693.389 84.9906 34.2769
internal_count=36395 3511 32884 32777 357 3154 32635 2791 363 205
is_linear=0
shrinkage=0.1


Tree=6
num_leaves=13
num_cat=0
split_feature=3 2 2 3 3 1 3 2 1 2 1 1
split_gain=3733.03 47.1726 37.4728 22.3692 14.2717 5.45387 5.37862 3.35739 1.65342 1.07361 0.275122 0.104548
threshold=0.0018847643514163794 0.99326092004776012 0.99326092004776012 0.00026041775709018117 0.99331513047218334 0.0016622160910628738 0.99830394983291637 0.00064315221970900904 0.99840664863586437 0.0022553324233740572 0.0085920025594532507 0.99909955263137828
decision_type=2 2 2 2 2 2 2 2 2 2 2 2
left_child=1 3 4 5 9 -1 -6 -5 10 -2 -4 -10
right_child=2 -3 8 7 6 -7 -8 -9 11 -11 -12 -13
leaf_value=-0.10222491723245333 0.053223781268544483 0.10297713488951035 0.17235273109105986 -0.057705176701830299 0.1226304139361401 -0.044409925153232221 0.16869900689411299 -0.0093409697369747757 0.17707426581185506 0.086058478957438386 0.16145387764394981 0.17986088679413656
leaf_weight=1466.192808829248 20.099828511476517 11.638251423835753 33.979662671685219 41.07019655033946 69.70078444480896 16.502233404666185 39.844238072633743 22.065001584589481 310.54293052852154 19.752434335649014 75.07698218524456 250.89837068319321
leaf_count=31514 194 87 142 717 321 262 169 299 1257 110 307 1016
internal_value=0 -0.0975891 0.166038 -0.0990992 0.120746 -0.101581 0.139388 -0.0408029 0.176129 0.0694998 0.164851 0.17832
internal_weight=0 1557.47 819.895 1545.83 149.397 1482.7 109.545 63.1352 670.498 39.8523 109.057 561.441
internal_count=36395 32879 3516 32792 794 31776 490 1016 2722 304 449 2273
is_linear=0
shrinkage=0.1


Tree=7
num_leaves=15
num_cat=0
split_feature=3 2 2 3 3 2 2 3 3 1 3 1 3 1
split_gain=3177.79 42.2536 38.5072 15.4145 12.6808 9.42764 5.81006 4.53268 3.70969 2.10228 1.57909 1.38158 0.174609 0.154013
threshold=0.0018847643514163794 0.0022553324233740572 0.99326092004776012 0.00018107685173163193 0.99828371405601513 0.99326092004776012 0.00064315221970900904 0.00016322104056598621 0.00056515945470891904 0.99840664863586437 0.99830394983291637 0.0003051534877158702 0.99830573797225963 0.99900710582733165
decision_type=2 2 2 2 2 2 2 2 2 2 2 2 2 2
left_child=1 3 4 11 6 7 -2 -3 -5 12 -6 -1 -4 -11
right_child=2 5 9 8 10 -7 -8 -9 -10 13 -12 -13 -14 -15
leaf_value=-0.10307127709968034 0.038588964472891021 -0.094321382554673122 0.15195258794504693 -0.070145426877719089 0.12047387154976051 0.0871764040424442 0.09702309940254375 0.010094718842610283 -0.020506556198562433 0.1621030300657986 0.15134447053353717 -0.093022747542442163 0.14258667917597362 0.16592389999621873
leaf_weight=1141.4142242819071 23.72581771761179 6.3320267833769384 81.362781018018723 79.44852239638567 28.365648075938225 12.332163766026495 60.180401816964149 12.101096756756304 18.576795130968094 146.7309485077858 39.960858553647995 155.59672332927585 26.806369140744209 400.39068055152893
leaf_count=27044 184 103 339 1625 120 87 321 161 296 607 169 3563 110 1666
internal_value=0 -0.0964196 0.151854 -0.098976 0.106547 0.0195015 0.0805006 -0.0257767 -0.0607387 0.16238 0.138531 -0.101866 0.149633 0.164899
internal_weight=0 1425.8 807.524 1395.04 152.233 30.7653 83.9062 18.4331 98.0253 655.291 68.3265 1297.01 108.169 547.122
internal_count=36395 32879 3516 32528 794 351 505 264 1921 2722 289 30607 449 2273
is_linear=0
shrinkage=0.1


Tree=8
num_leaves=15
num_cat=0
split_feature=3 2 2 3 3 2 3 2 3 1 1 2 1 2
split_gain=2727.21 40.165 39.8231 16.1536 11.4778 7.30714 4.04817 3.52531 2.83948 2.58115 1.50953 0.650748 0.202137 0.189051
threshold=0.0018847643514163794 0.0022553324233740572 0.99326092004776012 0.00018107685173163193 0.99331513047218334 0.99326092004776012 0.99830394983291637 0.00010451581329107286 0.00018107685173163193 0.99840664863586437 0.0003051534877158702 0.0022553324233740572 0.99900710582733165 0.99751812219619762
decision_type=2 2 2 2 2 2 2 2 2 2 2 2 2 2
left_child=1 3 4 10 11 8 -6 -5 -3 13 -1 -2 -11 -4
right_child=2 5 9 7 6 -7 -8 -9 -10 12 -12 -13 -14 -15
leaf_value=-0.10246110465451377 0.038430697453598561 -0.07806196835090716 0.1319170545973076 0.020073659073814767 0.097499646964828615 0.07468068468561892 0.13732500525708632 -0.062704295581446801 0.0051797733603414602 0.15113051469336017 -0.091499100431163272 0.063163995735338929 0.15557208898798389 0.14063235540303035
leaf_weight=1038.6334859468043 21.571691431105137 6.2878243736922803 40.859869733452797 5.4657919295132151 71.697282567620277 12.921800687909125 39.650084495544434 87.481769688427448 11.761834174394606 141.8907336294651 143.01650583744049 21.00227726995945 385.1047061830759 65.348890036344528
leaf_count=27044 194 108 172 117 321 87 169 1804 156 607 3563 110 1666 277
internal_value=0 -0.0952429 0.140419 -0.0979771 0.0947968 0.0172765 0.111682 -0.0578364 -0.0238212 0.151509 -0.101134 0.0506332 0.154377 0.137281
internal_weight=0 1305.57 787.126 1274.6 153.921 30.9715 111.347 92.9476 18.0497 633.204 1181.65 42.574 526.995 106.209
internal_count=36395 32879 3516 32528 794 351 490 1921 264 2722 30607 304 2273 449
is_linear=0
shrinkage=0.1


Tree=9
num_leaves=14
num_cat=0
split_feature=3 2 3 2 3 2 2 3 1 1 2 1 2
split_gain=2354.17 41.2659 38.5236 16.8869 10.4518 7.30217 4.44864 4.32934 3.07833 1.91068 1.6007 0.253597 0.233996
threshold=0.0018847643514163794 0.99326092004776012 0.00018107685173163193 0.014820380136370661 0.99828371405601513 0.99326092004776012 0.00064315221970900904 0.00056515945470891904 0.99840664863586437 0.0003051534877158702 0.014820380136370661 0.99900710582733165 0.99751812219619762
decision_type=2 2 2 2 2 2 2 2 2 2 2 2 2
left_child=2 4 5 7 6 9 -2 -4 12 -1 -6 -10 -3
right_child=1 8 3 -5 10 -7 -8 -9 11 -11 -12 -13 -14
leaf_value=-0.10188344426327077 0.026373945556196057 0.12096592606864141 -0.061907203197932997 0.074164620346858556 0.099449076548514564 0.016427178910684733 0.076293384498416827 -0.0092395781150102878 0.14220122902127569 -0.089235882645498477 0.13031622162657289 0.14727767888759991 0.13075836863629195
leaf_weight=945.50283997878432 24.992826268076897 40.139713525772095 76.51123571395874 12.104125522077082 34.598610237240791 5.3870919346809378 62.49457635730505 19.607678879052401 136.0218391418457 136.80171659216285 32.709495350718498 367.03944252431393 63.357842922210693
leaf_count=27060 184 172 1708 90 149 38 321 328 607 3655 140 1666 277
internal_value=0 0.130912 -0.0940455 -0.0371457 0.0848262 -0.0997068 0.0620332 -0.0511635 0.142673 -0.100285 0.114451 0.145905 0.126962
internal_weight=0 761.354 1195.91 108.223 154.796 1087.69 87.4874 96.1189 606.559 1082.3 67.3081 503.061 103.498
internal_count=36395 3516 32879 2126 794 30753 505 2036 2722 30715 289 2273 449
is_linear=0
shrinkage=0.1


Tree=10
num_leaves=13
num_cat=0
split_feature=0 0 1 0 3 0 3 0 3 0 3 1
split_gain=2311.64 31.8401 13.5134 11.3226 3.75947 3.85047 3.65126 1.11723 0.98733 0.522067 0.38547 0.258874
threshold=0.0012062136665917935 0.98644310235977184 0.00078205775935202848 0.00010026535528595561 0.99331513047218334 0.99940770864486705 0.99828371405601513 2.4701472284505147e-05 0.00018107685173163193 3.4022223189822405e-05 0.99331513047218334 0.0085920025594532507
decision_type=2 2 2 2 2 2 2 2 2 2 2 2
left_child=3 2 -2 7 -3 -6 8 10 -5 -9 -1 -4
right_child=1 4 11 6 5 -7 -8 9 -10 -11 -12 -13
leaf_value=-0.10255227019357226 0.12214977618671907 0.16793488620336883 0.0048011785802275766 -0.083373412535963781 0.12029881908028239 0.13980286725742935 0.0071703446822631986 -0.082329903101853494 -0.062613043027117593 -0.096664191812360412 -0.139122759541256 0.023273462014891427
leaf_weight=872.41750485450029 18.246763613075018 38.931185483932495 16.371225588023666 39.052828870713711 126.50483773648739 507.62674970924854 6.3452530354261389 35.801584102213383 55.481618035584688 88.022545486688614 2.8988776803016654 14.138857651501892
leaf_count=27260 158 176 123 1128 558 2407 29 1030 981 2415 16 78
internal_value=0 0.132112 0.0540765 -0.0981915 0.137765 0.135912 -0.0662613 -0.101415 -0.0711901 -0.0925204 -0.102674 0.013362
internal_weight=0 721.82 48.7568 1100.02 673.063 634.132 100.88 999.141 94.5344 123.824 875.316 30.5101
internal_count=36359 3500 359 32859 3141 2965 2138 30721 2109 3445 27276 201
is_linear=0
shrinkage=0.1


Tree=11
num_leaves=14
num_cat=0
split_feature=0 0 0 2 0 3 2 3 0 2 0 3 3
split_gain=2014.49 32.3496 12.0663 6.75509 3.59693 4.25846 3.09432 2.9663 1.26301 0.982475 0.539 0.280974 0.264586
threshold=0.0012062136665917935 0.98644310235977184 0.00010026535528595561 0.99326092004776012 0.99872398376464855 0.99331513047218334 0.0010230542975477876 0.99828371405601513 2.4701472284505147e-05 0.014820380136370661 3.4022223189822405e-05 0.99331513047218334 0.0018847643514163794
decision_type=2 2 2 2 2 2 2 2 2 2 2 2 2
left_child=2 6 8 7 9 -6 12 -4 11 -3 -10 -1 -2
right_child=1 4 3 -5 5 -7 -8 -9 10 -11 -12 -13 -14
leaf_value=-0.10212279883203133 0.066411155661308938 0.12488361469419973 -0.074516184037127592 0.04534673536847314 0.18012795534918763 0.13185431298762423 0.026939252928526215 0.0020377702552965174 -0.080233832555312995 0.10189035496482124 -0.095384219598430867 -0.13443384669663508 0.089431674516535137
leaf_weight=792.54772578924894 10.22705424949527 30.088577926158905 84.442429058253765 5.3878144025802603 18.918213486671448 542.55276393890381 30.066572837531567 5.3841562271118155 33.198322182521224 48.75632432103157 80.661305546760559 2.7097621709108344 9.7977350801229459
leaf_count=27260 141 131 2080 33 84 2706 168 25 1030 220 2415 16 50
internal_value=0 0.124618 -0.097275 -0.0634043 0.130672 0.133481 0.0472242 -0.0699276 -0.100822 0.110666 -0.0909675 -0.102233 0.0776786
internal_weight=0 690.407 1004.33 95.2144 640.316 561.471 50.0914 89.8266 909.117 78.8449 113.86 795.257 20.0248
internal_count=36359 3500 32859 2138 3141 2790 359 2105 30721 351 3445 27276 191
is_linear=0
shrinkage=0.1


Tree=12
num_leaves=14
num_cat=0
split_feature=0 0 0 1 2 0 1 1 0 1 1 1 2
split_gain=1760.83 32.6122 12.7144 9.17336 5.92757 4.92592 2.06717 1.86984 1.41812 1.29426 0.604895 0.241657 0.132147
threshold=0.0012062136665917935 0.98644310235977184 0.00010026535528595561 0.00078205775935202848 0.99326092004776012 0.99940770864486705 0.00020901795505778867 0.00093707014457322668 2.4701472284505147e-05 0.98879271745681774 0.00093707014457322668 0.0085920025594532507 0.00064315221970900904
decision_type=2 2 2 2 2 2 2 2 2 2 2 2 2
left_child=2 3 8 -2 6 7 -4 -3 12 -7 -10 -5 -1
right_child=1 5 4 11 -6 9 -8 -9 10 -11 -12 -13 -14
leaf_value=-0.10197327778282739 0.094292524016812318 0.1294728273140543 -0.0040402998795739413 -0.00055081463484895894 0.039925894643803042 0.15066349094708179 -0.07107717950533092 0.10259166870949557 -0.091863567615474623 0.12830147888751076 -0.066237288824321436 0.017093019193201872 -0.089944684164829147
leaf_weight=713.03637825511396 20.02414359152317 33.44823981821537 4.882390482351183 16.828373279422525 5.5010910257697097 27.574014589190483 79.544768845662475 114.62711022794247 94.562488604336977 430.83792692422867 10.219336004927753 14.408526860177515 9.3257985264062864
leaf_count=27070 158 150 140 123 33 133 1965 545 3252 2313 193 78 206
internal_value=0 0.118051 -0.0963582 0.0414586 -0.060647 0.124524 -0.0672006 0.108665 -0.100241 0.129647 -0.0893649 0.00758794 -0.101818
internal_weight=0 657.748 917.072 51.261 89.9283 606.487 84.4272 148.075 827.144 458.412 104.782 31.2369 722.362
internal_count=36359 3500 32859 359 2138 3141 2105 695 30721 2446 3445 201 27276
is_linear=0
shrinkage=0.1


Tree=13
num_leaves=13
num_cat=0
split_feature=0 0 0 1 0 3 0 1 3 1 1 3
split_gain=1542.67 32.7013 13.469 7.03288 6.17886 3.16963 1.57478 1.32783 1.17497 0.95828 0.665194 0.167202
threshold=0.0012062136665917935 0.98644310235977184 0.00010026535528595561 0.00086384106543846439 0.99940770864486705 0.99828371405601513 2.4701472284505147e-05 0.00093707014457322668 0.00018107685173163193 0.98879271745681774 0.00093707014457322668 0.99331513047218334
decision_type=2 2 2 2 2 2 2 2 2 2 2 2
left_child=2 3 6 -2 7 8 11 -3 -4 -6 -8 -1
right_child=1 4 5 -5 9 -7 10 -9 -10 -11 -12 -13
leaf_value=-0.10133281457064076 0.076964360194223716 0.11884421923699734 -0.07801784427654114 0.003245247503116654 0.1437501633307485 0.01088471417660912 -0.090520972715147585 0.095931341805809478 -0.053153812883565681 0.12395704313605493 -0.062908044788271153 -0.12791861171754401
leaf_weight=653.60948362015188 23.584187835454941 32.82783916592598 31.811765862628818 28.675485517829657 26.086923137307167 6.237168386578559 86.769265308976173 110.54272221028805 47.250159543007612 402.79070736467838 9.7111324965953809 2.3881493359804145
leaf_count=27260 177 150 1128 182 133 29 3252 545 981 2313 193 16
internal_value=0 0.112238 -0.0954059 0.0365147 0.119153 -0.0577449 -0.0996749 0.101179 -0.0631591 0.125161 -0.0877423 -0.10143
internal_weight=0 624.508 837.777 52.2597 572.248 85.2991 752.478 143.371 79.0619 428.878 96.4804 655.998
internal_count=36359 3500 32859 359 3141 2138 30721 695 2109 2446 3445 27276
is_linear=0
shrinkage=0.1


Tree=14
num_leaves=14
num_cat=0
split_feature=0 0 0 0 2 2 3 0 2 2 3 2 2
split_gain=1353.55 32.5844 14.1611 7.42766 5.41855 2.79206 2.59528 1.73875 1.17627 0.654542 0.313499 0.221228 0.00606453
threshold=0.0012062136665917935 0.98644310235977184 0.00010026535528595561 0.99940770864486705 0.014820380136370661 0.00035882547672372317 0.99331513047218334 2.4701472284505147e-05 0.99751812219619762 0.014820380136370661 0.99830669164657604 0.00064315221970900904 0.014820380136370661
decision_type=2 2 2 2 2 2 2 2 2 2 2 2 2
left_child=2 5 7 8 6 -2 -4 11 -3 -9 -5 -1 -7
right_child=1 3 4 10 -6 12 -8 9 -10 -11 -12 -13 -14
leaf_value=-0.10127616513486498 0.070484634489714135 0.087842583062249222 -0.071817440435261434 0.12197004484093033 0.01238572348472879 0.019605019924339426 -0.012202249164040835 -0.087931528474116727 0.10737694384802439 -0.046765503839567082 0.11040309485829908 -0.084438597547578889 0.017084136912271248
leaf_weight=587.73443093523383 14.051428224891422 92.2286596596241 62.319658510386944 374.83138321340084 10.43003201112151 22.131328955292702 8.2722844928503019 84.877264956012368 46.352879151701927 4.0504717230796805 25.119965091347694 7.9450807739049187 16.96183343231678
leaf_count=27070 131 439 2002 2293 88 149 48 3403 256 42 153 206 79
internal_value=0 0.106958 -0.0944254 0.11433 -0.0548914 0.0322545 -0.0648317 -0.0991041 0.0943772 -0.0860571 0.121244 -0.101052 0.0185117
internal_weight=0 591.677 765.629 538.533 81.022 53.1446 70.5919 684.607 138.582 88.9277 399.951 595.68 39.0932
internal_count=36359 3500 32859 3141 2138 359 2050 30721 695 3445 2446 27276 228
is_linear=0
shrinkage=0.1


Tree=15
num_leaves=15
num_cat=0
split_feature=0 0 0 0 1 1 3 0 0 3 1 1 0 3
split_gain=1189.23 32.4603 14.7429 7.81863 5.01704 2.68779 2.66029 1.95519 1.91201 1.19497 0.794814 0.592073 0.18166 0.159036
threshold=0.0012062136665917935 0.99872398376464855 0.00010026535528595561 0.98644310235977184 0.00086384106543846439 0.00093707014457322668 0.99828371405601513 0.99940770864486705 2.4701472284505147e-05 0.00018107685173163193 0.00093707014457322668 0.98879271745681774 1.3247840342955898e-05 0.99828371405601513
decision_type=2 2 2 2 2 2 2 2 2 2 2 2 2 2
left_child=2 3 8 4 -2 -5 9 13 12 -4 -10 -9 -1 -3
right_child=1 7 6 5 -6 -7 -8 11 10 -11 -12 -13 -14 -15
leaf_value=-0.10132079902650262 0.061409486006155568 0.09233153508618866 -0.073882643526453004 0.10939310992878198 0.00027458550788706133 0.066532362768577838 0.010437617940043118 0.13327014912475982 -0.087698088304569377 -0.047255700339882301 -0.055736258331073367 0.11676396387791635 -0.095324655864734986 0.10270558329356268
leaf_weight=484.05328853242099 24.952988117933273 24.186265498399734 27.692695289850235 20.662485703825951 29.05141282454133 50.157367661595345 6.2396161556243888 23.233300745487213 73.345930190756917 43.092972729355097 8.7115751560777408 348.70540469884872 56.772514512762427 38.599545925855637
leaf_count=24502 177 119 1128 98 182 253 29 133 3252 981 193 2313 2774 225
internal_value=0 0.102133 -0.0934293 0.0571839 0.0285229 0.0790388 -0.052156 0.115039 -0.098533 -0.0576736 -0.0843056 0.117795 -0.100692 0.0987109
internal_weight=0 559.549 699.909 124.824 54.0044 70.8199 77.0253 434.725 622.883 70.7857 82.0575 371.939 540.826 62.7858
internal_count=36359 3500 32859 710 359 351 2138 2790 30721 2109 3445 2446 27276 344
is_linear=0
shrinkage=0.1


Tree=16
num_leaves=15
num_cat=0
split_feature=0 0 0 0 2 1 2 0 1 0 1 2 2 2
split_gain=1045.25 33.5814 15.3699 6.98065 5.05207 3.95139 2.35825 2.32134 2.25158 2.09331 0.837545 0.459733 0.453586 0.318009
threshold=0.0012062136665917935 0.99872398376464855 0.00010026535528595561 0.98644310235977184 0.99326092004776012 0.00078205775935202848 0.00010654782454366797 0.99940770864486705 0.00093707014457322668 2.4701472284505147e-05 0.00093707014457322668 0.99751812219619762 0.99912607669830333 0.00064315221970900904
decision_type=2 2 2 2 2 2 2 2 2 2 2 2 2 2
left_child=2 3 9 5 6 -2 -4 11 -5 13 -11 -3 -9 -1
right_child=1 7 4 8 -6 -7 -8 12 -10 10 -12 -13 -14 -15
leaf_value=-0.10063880051180313 0.057094188131589153 0.085624289668645132 -0.0095988853295251742 0.1013201485457417 0.043984518364902608 0.0025778508163279445 -0.064056636143595025 0.11166360577103913 0.06155920172677757 -0.086174018434163363 -0.052560515111367202 0.10330129302971713 0.11904561325681103 -0.078820383152805151
leaf_weight=484.20765537396073 22.8048250451684 33.703359141945839 9.1927781738340837 20.107398495078087 5.3753071352839461 31.881620645523071 58.92924158833921 203.77833141386509 48.858364850282669 67.481181014329195 8.3343203552067262 26.198982626199722 141.41303478181362 6.7948764543980351
leaf_count=27070 158 179 342 98 33 201 1763 1417 253 3252 193 165 1029 206
internal_value=0 0.0976105 -0.0923697 0.0519954 -0.0493433 0.0253124 -0.0567081 0.111534 0.0731531 -0.0979486 -0.0824797 0.0933571 0.114688 -0.100337
internal_weight=0 528.746 640.315 123.652 73.4973 54.6864 68.122 405.094 68.9658 566.818 75.8155 59.9023 345.191 491.003
internal_count=36359 3500 32859 710 2138 359 2105 2790 351 30721 3445 344 2446 27276
is_linear=0
shrinkage=0.1


Tree=17
num_leaves=15
num_cat=0
split_feature=3 2 2 2 3 3 3 2 1 1 3 2 1 2
split_gain=806.938 36.4654 31.2121 8.71849 7.30471 7.06074 3.75719 3.54362 3.45306 2.32189 2.13072 1.38881 0.782672 0.376694
threshold=0.0018847643514163794 0.99326092004776012 0.00047186111623886978 0.99751812219619762 0.99331513047218334 7.6943993917666389e-05 0.99828371405601513 0.0022553324233740572 0.00018911012011813003 0.0016622160910628738 0.00014853436732664707 0.9990675449371339 0.0003051534877158702 0.99751812219619762
decision_type=2 2 2 2 2 2 2 2 2 2 2 2 2 2
left_child=2 4 5 10 9 12 13 -6 -7 -2 -4 -8 -1 -3
right_child=1 6 3 -5 7 8 11 -9 -10 -11 -12 -13 -14 -15
leaf_value=-0.098173179927666498 0.025661351835089469 0.063940406021232715 -0.058905147026001636 0.10913151834198465 0.032415777996453531 0.045772706973135589 0.10155081914234856 0.073720071525253686 -0.070601758373270693 -0.025378194030991837 -0.012361689791490509 0.11464257988886845 -0.082352437322970554 0.084380295824268217
leaf_weight=408.76893569156528 22.737034298479557 17.374155253171921 13.619791487231849 5.3504527509212485 33.102190084755421 2.6174681633710852 151.93113604187965 55.768908277153969 97.560541111975908 14.65841346234083 35.398615261539817 173.95668336749077 33.904058326035738 18.800164930522442
leaf_count=25093 199 99 505 35 181 131 1116 320 4547 91 716 1365 1842 119
internal_value=0 0.0890077 -0.0843013 -0.0120641 0.0427338 -0.0915361 0.105145 0.0583358 -0.0675607 0.0056545 -0.0252948 0.108539 -0.0969617 0.0745653
internal_weight=0 488.329 597.22 54.3689 126.267 542.851 362.062 88.8711 100.178 37.3954 49.0184 325.888 442.673 36.1743
internal_count=36359 3490 32869 1256 791 31613 2699 501 4678 290 1221 2481 26935 218
is_linear=0
shrinkage=0.1


Tree=18
num_leaves=15
num_cat=0
split_feature=3 2 2 3 2 3 3 2 1 3 1 2 1 2
split_gain=706.092 36.1213 30.384 7.52343 6.97901 6.17661 4.13966 3.1707 3.0597 1.88743 1.87409 1.52517 0.850389 0.356977
threshold=0.0018847643514163794 0.99326092004776012 0.00047186111623886978 7.6943993917666389e-05 0.99751812219619762 0.99331513047218334 0.99828371405601513 0.0022553324233740572 0.00018911012011813003 0.00014853436732664707 0.0016622160910628738 0.9990675449371339 0.0003051534877158702 0.99751812219619762
decision_type=2 2 2 2 2 2 2 2 2 2 2 2 2 2
left_child=2 5 3 12 9 10 13 -7 -5 -4 -2 -8 -1 -3
right_child=1 6 4 8 -6 7 11 -9 -10 -11 -12 -13 -14 -15
leaf_value=-0.097644498176703398 0.022915935464488234 0.05900813365928427 -0.055879474368760208 0.039451042755982102 0.095918845885714227 0.029198851538265798 0.098199355532792382 0.068502225913246256 -0.068028387057324294 -0.011222564712668722 -0.022916012830203936 0.11243801348737648 -0.080485848487923686 0.079221961692686318
leaf_weight=371.77220006939024 22.905599687248468 16.965905852615833 12.956788202747701 2.727048570290207 5.4718835577368727 33.075766384601593 141.92477891594172 54.104612238705158 91.446487326174974 35.108606835827231 14.612658880650995 160.33030921220779 31.353451572358608 18.061308547854424
leaf_count=25093 199 99 505 131 35 181 1116 320 4547 716 91 1365 1842 119
internal_value=0 0.0849788 -0.0826591 -0.0903651 -0.0110788 0.0389913 0.101981 0.0535913 -0.0649156 -0.0232615 0.00506509 0.105753 -0.0963102 0.0694331
internal_weight=0 461.981 550.836 497.299 53.5373 124.699 337.282 87.1804 94.1735 48.0654 37.5183 302.255 403.126 35.0272
internal_count=36359 3490 32869 31613 1256 791 2699 501 4678 1221 290 2481 26935 218
is_linear=0
shrinkage=0.1


Tree=19
num_leaves=15
num_cat=0
split_feature=0 0 0 0 2 2 2 0 0 0 2 2 2 2
split_gain=739.574 31.5414 15.649 4.88465 3.35716 3.06341 2.91682 2.858 2.47312 0.972585 0.760781 0.539966 0.311883 0.289215
threshold=0.0012062136665917935 0.99872398376464855 0.00010026535528595561 0.98644310235977184 0.014820380136370661 0.00010654782454366797 0.00035882547672372317 0.99940770864486705 2.4701472284505147e-05 3.4022223189822405e-05 0.014820380136370661 0.99912607669830333 0.00064315221970900904 0.014820380136370661
decision_type=2 2 2 2 2 2 2 2 2 2 2 2 2 2
left_child=2 3 8 6 5 -4 -2 10 12 -10 -3 -9 -1 -5
right_child=1 7 4 13 -6 -7 -8 11 9 -11 -12 -13 -14 -15
leaf_value=-0.099784451048902795 0.059552248053307236 0.062315564758634256 0.003166744035519259 0.069897282980481534 0.0082244603292975487 -0.063456267161901697 0.0070410202676730082 0.1040443596140917 -0.05816748668913968 -0.085814374571976174 0.089498313799564827 0.11308183921814119 -0.077244366026974626 0.0562109749566512
leaf_weight=366.37206908222288 14.438859824091194 14.142778784036635 8.0716100130230171 26.914395451545715 10.348405368626116 47.612137863412499 39.554298236966133 165.5978065803647 17.904682414606214 44.068903741426766 37.973360024392605 110.44186867028475 6.2628852734342209 36.330413371324539
leaf_count=27070 131 69 342 131 88 1708 228 1417 1030 2415 275 1029 206 220
internal_value=0 0.0876991 -0.0894377 0.0431766 -0.0440789 -0.0537991 0.0210844 0.103605 -0.0963291 -0.077828 0.0821231 0.107661 -0.0994058 0.0620363
internal_weight=0 445.394 500.641 117.238 66.0322 55.6837 53.9932 328.156 434.609 61.9736 52.1161 276.04 372.635 63.2448
internal_count=36359 3500 32859 710 2138 2050 359 2790 30721 3445 344 2446 27276 351
is_linear=0
shrinkage=0.1


Tree=20
num_leaves=15
num_cat=0
split_feature=0 0 2 0 0 1 0 2 1 1 2 2 1 0
split_gain=640.528 38.2209 20.4174 9.7231 4.48549 4.03522 2.9235 2.82005 2.69566 2.19219 1.8331 0.590764 0.488514 0.575755
threshold=0.0012062136665917935 0.99940770864486705 0.00064315221970900904 0.98644310235977184 2.4701472284505147e-05 0.0085920025594532507 0.00030562713800463831 0.00010342918903916144 0.00072451189043931674 0.00072451189043931674 0.014820380136370661 0.00047186111623886978 0.0085920025594532507 0.99974536895751964
decision_type=2 2 2 2 2 2 2 2 2 2 2 2 2 2
left_child=2 3 4 9 11 -5 8 -6 -4 -2 -8 -1 -3 -14
right_child=1 12 6 5 7 -7 10 -9 -10 -11 -12 -13 13 -15
leaf_value=-0.09887827451722575 -0.016746632328974848 0.12998521939522578 0.0028483704349232994 0.083712653126041189 -0.023080780734815579 0.04586920608319002 -0.013412335362063871 -0.079558025910000066 -0.06245376248617604 0.026289330473932837 0.060008866154671187 -0.035273131951095646 0.10161484462769727 0.11140557740063035
leaf_weight=333.25740818772465 19.672053597867489 9.8143211007118207 9.9481565300375241 49.583580933511257 10.009715193882583 65.274904780089855 8.0351031217724067 75.801444798707962 17.33768764231354 29.712506338953972 5.8941321559250346 1.4681569337844838 105.37953764200211 140.33078265935183
leaf_count=27166 135 70 343 274 646 438 179 4221 368 197 46 89 984 1400
internal_value=0 0.0838903 -0.086787 0.0462525 -0.09337 0.0622065 -0.0196173 -0.0729704 -0.038646 0.00914619 0.0176577 -0.0985994 0.108082 0.107207
internal_weight=0 419.768 461.752 164.243 420.537 114.858 41.2151 85.8112 27.2858 49.3846 13.9292 334.726 255.525 245.71
internal_count=36556 3498 33058 1044 32122 712 936 4867 711 332 225 27255 2454 2384
is_linear=0
shrinkage=0.1


Tree=21
num_leaves=14
num_cat=0
split_feature=3 2 3 2 1 3 1 1 1 3 2 2 3
split_gain=496.128 27.4252 23.6171 6.58515 5.61436 5.44228 4.13188 3.27369 2.05991 0.825079 0.675356 0.224646 0.0762972
threshold=0.0018847643514163794 0.99326092004776012 8.1821151979966103e-05 0.99751812219619762 0.00093707014457322668 0.99828371405601513 0.00039588178333360707 0.00020764210785273465 0.99907654523849498 0.99830394983291637 0.00022131326113594699 0.99751812219619762 5.1827513743774041e-05
decision_type=2 2 2 2 2 2 2 2 2 2 2 2 2
left_child=2 6 7 4 -4 11 -2 12 -7 -8 -9 -3 -1
right_child=1 5 3 -5 -6 8 9 10 -10 -11 -12 -13 -14
leaf_value=-0.101231406494943 -0.010966549694989832 0.063455235421922218 -0.054935587485862039 0.091171403023789982 0.0008659574466409536 0.090568726788757103 0.038251007909041769 -0.080782094528029341 0.10899913825181262 0.059853495784047805 -0.055857227207742222 0.046151990368632462 -0.097407818924586137
leaf_weight=104.64476870559156 16.213634949177504 14.806146480143072 91.546279494650662 3.723955772817134 22.452501782216132 121.28400471061468 69.986286394298077 97.189235369674861 121.40431190282106 23.662965051829815 12.251739496365188 15.252520963549612 106.87894954066724
leaf_count=9507 133 96 4763 25 509 1174 466 8090 1330 167 575 114 9607
internal_value=0 0.0778256 -0.0779828 -0.0396704 -0.0439453 0.0948175 0.0356408 -0.0920348 0.0997889 0.04371 -0.0779923 0.054677 -0.0992999
internal_weight=0 382.61 438.687 117.723 113.999 272.747 109.863 320.965 242.688 93.6493 109.441 30.0587 211.524
internal_count=36556 3480 33076 5297 5272 2714 766 27779 2504 633 8665 210 19114
is_linear=0
shrinkage=0.1


Tree=22
num_leaves=16
num_cat=0
split_feature=0 0 3 0 1 0 0 3 1 1 1 0 1 0 1
split_gain=504.411 37.7618 18.77 7.63791 4.21157 3.91295 3.72984 4.83293 2.58375 1.39446 0.905127 0.57666 0.460445 0.294781 0.0923931
threshold=0.0012062136665917935 0.99940770864486705 0.00020157360268058258 0.98644310235977184 0.0085920025594532507 0.00030562713800463831 2.4701472284505147e-05 5.2705423513543799e-05 0.00021813773491885516 0.00072451189043931674 0.00072451189043931674 0.99974536895751964 0.99840664863586437 5.8862626701738927e-06 0.99881190061569225
decision_type=2 2 2 2 2 2 2 2 2 2 2 2 2 2 2
left_child=2 3 6 9 -5 8 13 -8 -4 -2 -7 12 -3 -1 -13
right_child=1 11 5 4 -6 10 7 -9 -10 -11 -12 14 -14 -15 -16
leaf_value=-0.10102447284714332 -0.013502095774301557 0.11023482493096509 0.044652361102741192 0.077623272216289244 0.037820658457392631 -0.026419043673696459 0.027070238067254254 -0.079100277971251992 -0.057232947626183986 0.021082931659719261 0.018582130158720334 0.11808691558078524 0.09480108677096119 -0.094237424942388293 0.10840083102525905
leaf_weight=172.29818127397448 19.12826231867075 26.497345097362995 2.6534789735451332 47.143407113850117 60.966009505093098 6.8426709398627308 4.6653979914262882 52.864854449406266 39.990629184991121 29.849352210760117 12.882821513339875 10.983282417058943 72.032666653394699 102.34923379961401 108.85981410741806
leaf_count=17176 135 237 109 274 438 169 365 3760 1414 197 207 113 806 9858 1298
internal_value=0 0.0777284 -0.0841944 0.0403364 0.055178 -0.0338574 -0.0936455 -0.0704901 -0.0508923 0.00757569 0.00297086 0.104626 0.0989527 -0.0984956 0.10929
internal_weight=0 375.46 394.547 157.087 108.109 62.3696 332.178 57.5303 42.6441 48.9776 19.7255 218.373 98.53 274.647 119.843
internal_count=36556 3498 33058 1044 712 1899 31159 4125 1523 332 376 2454 1043 27034 1411
is_linear=0
shrinkage=0.1


Tree=23
num_leaves=14
num_cat=0
split_feature=3 2 3 3 2 1 1 1 1 3 2 2 3
split_gain=379.11 26.511 23.1719 5.7109 5.17163 4.4052 3.75139 3.23881 2.37786 0.710657 0.663596 0.221183 0.092102
threshold=0.0018847643514163794 0.99326092004776012 8.1821151979966103e-05 0.99828371405601513 0.99751812219619762 0.00093707014457322668 0.00020764210785273465 0.00039588178333360707 0.99907654523849498 0.99830394983291637 0.00022131326113594699 0.99751812219619762 5.1827513743774041e-05
decision_type=2 2 2 2 2 2 2 2 2 2 2 2 2
left_child=2 7 6 11 5 -4 12 -2 -5 -9 -8 -3 -1
right_child=1 3 4 8 -6 -7 10 9 -10 -11 -12 -13 -14
leaf_value=-0.10104791607888593 -0.012251898741048657 0.056506636419759206 -0.050012294554346609 0.084992358796300585 0.080538061254101109 0.00017112667020801326 -0.076997113965888916 0.031798773494641629 0.10638481604447121 0.052471789772059518 -0.050996757062107517 0.038790640634230031 -0.09642777973542542
leaf_weight=86.046221470460296 15.78431975468993 13.956566698849203 83.034258870407939 105.86161951720715 3.7188084721565238 22.160494640469551 82.673785173334181 67.967992130666971 102.12284106761217 22.019083268940449 11.148472043685613 14.263855397701262 88.438892555423081
leaf_count=9507 133 96 4763 1174 25 509 8090 466 1330 167 575 114 9607
internal_value=0 0.0711373 -0.0742445 0.0897691 -0.0353433 -0.0394407 -0.0900354 0.0295291 0.0954968 0.0368578 -0.0739082 0.0475539 -0.0987067
internal_weight=0 341.976 377.221 236.205 108.914 105.195 268.307 105.771 207.984 89.9871 93.8223 28.2204 174.485
internal_count=36556 3480 33076 2714 5297 5272 27779 766 2504 633 8665 210 19114
is_linear=0
shrinkage=0.1


Tree=24
num_leaves=14
num_cat=0
split_feature=0 0 0 2 0 2 2 2 1 0 1 0 2
split_gain=397.604 42.4919 12.2279 9.14525 8.2188 5.22419 2.80455 0.864207 1.55648 0.693987 0.46901 0.445356 0.11931
threshold=0.0005159178690519185 0.99940770864486705 2.4701472284505147e-05 0.00011603866732912139 0.98644310235977184 0.99326092004776012 0.00010342918903916144 0.00047186111623886978 0.00072451189043931674 0.99974536895751964 0.99840664863586437 7.0752075771451936e-06 0.99751812219619762
decision_type=2 2 2 2 2 2 2 2 2 2 2 2 2
left_child=2 3 7 -2 -5 6 -4 11 -9 10 -3 -1 -11
right_child=1 9 5 4 -6 -7 -8 8 -10 12 -12 -13 -14
leaf_value=-0.10024243567592975 0.11302917409268659 0.10693125467791165 -0.0029025923272028367 -0.0052493720710542757 0.042883033988525512 0.03953465295568441 -0.065256279865963857 -0.010668057517109043 -0.1089570394487006 0.11904036461081341 0.090326744106751622 -0.090560088009555922 0.10612953208162224
leaf_weight=163.60337252356112 12.784770746715365 23.488841973245144 7.9879649952054015 56.512480282224715 95.299973607063293 5.7297245040535918 74.400435744784772 3.1922528138384214 3.2524157231673598 7.8348283022642127 62.115007340908051 67.148786760866642 93.139156274497509
leaf_count=19653 140 237 640 564 679 40 4583 184 106 88 806 7513 1323
internal_value=0 0.0688417 -0.0845994 0.0318065 0.0249657 -0.0527898 -0.0592109 -0.0964163 -0.0602807 0.101513 0.0948841 -0.0974253 0.107132
internal_weight=0 351.175 325.315 164.597 151.812 88.1181 82.3884 237.197 6.44467 186.578 85.6038 230.752 100.974
internal_count=36556 3837 32719 1383 1243 5263 5223 27456 290 2454 1043 27166 1411
is_linear=0
shrinkage=0.1


Tree=25
num_leaves=15
num_cat=0
split_feature=3 3 3 2 2 1 1 2 1 2 3 1 1 3
split_gain=289.657 28.9766 16.4569 7.69879 7.67881 6.59277 4.19742 3.9866 2.73558 1.6488 1.48877 0.688275 0.678039 0.110922
threshold=0.00056515945470891904 0.99828371405601513 8.1821151979966103e-05 0.99326092004776012 0.99751812219619762 0.00043441251909825956 0.00020764210785273465 0.00010263729564030656 0.99907654523849498 0.00022131326113594699 0.99830597639083873 0.00025269253819715237 0.98879271745681774 5.1827513743774041e-05
decision_type=2 2 2 2 2 2 2 2 2 2 2 2 2 2
left_child=2 5 6 10 7 11 13 -4 -5 -7 -3 -2 -8 -1
right_child=1 3 4 8 -6 9 12 -9 -10 -11 -12 -13 -14 -15
leaf_value=-0.10091247593433744 -0.014246229249376505 0.055224513311678269 0.081118793948448231 0.079329151199097225 0.1145729719582564 -0.0084524446801873213 -0.06836150958642688 -0.046198854106984488 0.10411869132675507 0.034922883637331627 0.01287181028637392 -0.053365845849787055 -0.133570075870346 -0.095338611908063642
leaf_weight=70.743697454221547 8.0598949138075131 26.656590923666954 2.5365552240982643 92.703710593283176 3.2428225725889197 9.880099665373562 79.771905638277531 79.937867322936654 85.688205882906914 77.523243336006999 12.053275778889654 10.177642365917562 1.6273229336366046 73.378394075203687
leaf_count=9507 85 211 179 1174 21 144 8641 4737 1330 680 85 131 24 9607
internal_value=0 0.0615633 -0.0736455 0.0824649 -0.0363468 0.0186083 -0.0878219 -0.0422822 0.091237 0.0300197 0.0420376 -0.0360791 -0.0696668 -0.0980753
internal_weight=0 322.743 311.239 217.102 85.7172 105.641 225.521 82.4744 178.392 87.4033 38.7099 18.2375 81.3992 144.122
internal_count=36556 3840 32716 2800 4937 1040 27779 4916 2504 824 296 216 8665 19114
is_linear=0
shrinkage=0.1


Tree=26
num_leaves=16
num_cat=0
split_feature=0 0 0 2 0 3 2 3 3 3 3 0 2 2 2
split_gain=313.22 40.1612 12.6207 8.4139 5.32876 4.48733 4.54586 2.86566 2.85649 1.3114 2.44299 0.820768 0.553658 0.367364 0.1196
threshold=0.0005159178690519185 0.99940770864486705 2.4701472284505147e-05 0.00014313556312117728 0.98644310235977184 5.2705423513543799e-05 0.99326092004776012 5.23463822901249e-05 0.00056515945470891904 0.00020157360268058258 0.00026041775709018117 0.99974536895751964 0.00064315221970900904 0.99912607669830333 0.99751812219619762
decision_type=2 2 2 2 2 2 2 2 2 2 2 2 2 2 2
left_child=2 3 9 8 -5 7 -7 -4 -2 12 -11 13 -1 -3 -13
right_child=1 11 5 4 -6 6 -8 -9 -10 10 -12 14 -14 -15 -16
leaf_value=-0.097548096255655692 0.1282707271844398 0.087901914286045768 0.0062931673133144019 -0.0059190935622800691 0.034305222341095988 -0.060707671203313308 0.031051314027214557 0.20501941373961863 0.049926827574237997 0.033715562991299873 -0.089884030870950607 0.1180885163442407 -0.037859686441704038 0.10722162000714444 0.10420452718210108
leaf_weight=189.29284392716363 9.7082561990246194 62.873660109937191 2.7933101002126928 52.6771295433864 87.871979333460331 71.341100263409317 5.8404964841902247 0.979313832707703 8.9424935914576036 2.2101568020880213 5.7791821379214525 6.8075875937938681 1.56864384561777 11.699738938361405 78.172187577933073
leaf_count=26911 156 853 264 507 666 4865 40 94 54 190 232 88 123 190 1323
internal_value=0 0.0631397 -0.081845 0.0276043 0.0192294 -0.0485584 -0.0537637 0.0579203 0.0907118 -0.095396 -0.0556916 0.0985959 -0.0970577 0.0909344 0.105318
internal_weight=0 318.753 279.805 159.2 140.549 80.9542 77.1816 3.77262 18.6507 198.851 7.98934 159.553 190.861 74.5734 84.9798
internal_count=36556 3837 32719 1383 1173 5263 4905 358 210 27456 422 2454 27034 1043 1411
is_linear=0
shrinkage=0.1


Tree=27
num_leaves=15
num_cat=0
split_feature=0 0 0 2 1 0 2 2 1 2 0 0 1 0
split_gain=274.077 42.6379 9.3914 7.09816 9.91093 6.62279 3.06504 4.48169 2.7202 1.3483 0.91246 0.589621 0.478859 0.118838
threshold=0.00030562713800463831 0.99940770864486705 2.4701472284505147e-05 0.00011603866732912139 0.00036834322963841265 0.98644310235977184 0.00064315221970900904 0.00010342918903916144 0.00072451189043931674 0.99751812219619762 0.99974536895751964 7.0752075771451936e-06 0.99840664863586437 0.99975895881652843
decision_type=2 2 2 2 2 2 2 2 2 2 2 2 2 2
left_child=2 3 9 4 -2 -5 7 -4 -8 11 12 -1 -3 -12
right_child=1 10 6 5 -6 -7 8 -9 -10 -11 13 -13 -14 -15
leaf_value=-0.099109502207275574 0.16440075254596642 0.10186095852800103 0.0094753807465503548 -0.0078598860708967416 0.0017491994090338637 0.034357000953836182 0.038296997106507608 -0.076286319587585222 -0.043560093054105874 0.053507595341655848 0.097649003810293233 -0.086734639666556035 0.083358154815160387 0.10667992332089341
leaf_weight=124.60753821022809 8.0401574652641994 19.51467664167285 7.1101413015276185 63.999792768619955 7.0140279959887257 88.602735728025436 6.1145985890179899 42.597796150483191 12.075014369562266 0.61050949990749259 19.722775846719742 55.845406861975789 49.668134361505508 57.823170237243176
leaf_count=19727 117 237 628 813 105 679 236 3794 274 8 349 7721 806 1062
internal_value=0 0.0575669 -0.0828847 0.0231147 0.0886236 0.0166518 -0.0511667 -0.0640191 -0.0160425 -0.0947783 0.0969326 -0.0952803 0.0885787 0.104384
internal_weight=0 314.385 248.961 167.657 15.0542 152.603 67.8976 49.7079 18.1896 181.063 146.729 180.453 69.1828 77.5459
internal_count=36556 4168 32388 1714 222 1492 4932 4422 510 27456 2454 27448 1043 1411
is_linear=0
shrinkage=0.1


Tree=28
num_leaves=15
num_cat=0
split_feature=3 3 3 1 2 1 1 2 2 2 1 2 2 2
split_gain=193.522 23.2652 15.4098 7.64062 6.07894 5.39386 4.28929 6.18991 4.21534 3.88561 2.26272 1.22023 0.659019 0.238057
threshold=0.00056515945470891904 0.99828371405601513 6.526501965709032e-05 0.99907654523849498 0.99326092004776012 0.00043441251909825956 0.00027128354122396564 0.00047186111623886978 0.00010203120837104508 0.99326092004776012 0.00086384106543846439 0.00022131326113594699 0.0010230542975477876 0.99892807006835949
decision_type=2 2 2 2 2 2 2 2 2 2 2 2 2 2
left_child=2 5 6 9 8 12 7 -1 -4 -3 -8 -7 -2 -5
right_child=1 3 4 13 -6 11 10 -9 -10 -11 -12 -13 -14 -15
leaf_value=-0.094416301978386602 -0.016981233303499585 0.030156611895611491 0.14128379675623323 0.087582231358573737 0.061616620647090205 -0.0084560714237884495 -0.031492448283117903 0.22455959131441108 -0.044584207100236875 0.071033645198809323 -0.11514766868835401 0.029658466669928309 -0.055890993929466642 0.1039095425249535
leaf_weight=137.6545876422897 8.97396695520729 33.37841996178031 1.237136716954409 10.642867136746643 6.0752553306519976 9.4785402836278063 18.662450308445845 0.61015551770105858 84.352040855679661 76.682961974292994 3.9102691598236552 73.761078670620918 8.4547585193067771 57.009430684149265
leaf_count=23559 148 266 144 195 44 144 2224 50 6505 1174 190 680 68 1165
internal_value=0 0.0531369 -0.0677589 0.0748947 -0.0350348 0.0147264 -0.0864086 -0.0930071 -0.041896 0.0586372 -0.0459885 0.0253183 -0.0358587 0.101342
internal_weight=0 278.382 252.502 177.714 91.6644 100.668 160.837 138.265 85.5892 110.061 22.5727 83.2396 17.4287 67.6523
internal_count=36556 3840 32716 2800 6693 1040 26023 23609 6649 1440 2414 824 216 1360
is_linear=0
shrinkage=0.1


Tree=29
num_leaves=15
num_cat=0
split_feature=3 3 3 1 2 1 2 1 2 2 2 1 2 3
split_gain=166.903 21.6358 15.229 6.10873 5.22179 4.47886 7.41854 4.28093 3.99868 3.5755 2.90008 2.08557 2.05142 0.0644193
threshold=0.00056515945470891904 0.99830394983291637 6.526501965709032e-05 0.99907654523849498 0.99751812219619762 0.00027128354122396564 0.00064315221970900904 0.0005373598833102734 0.00010194937203777955 0.014820380136370661 0.0022553324233740572 0.00086384106543846439 0.0010230542975477876 0.99830621480941784
decision_type=2 2 2 2 2 2 2 2 2 2 2 2 2 2
left_child=2 7 5 9 8 6 -1 12 -4 -3 -9 -7 -2 -5
right_child=1 3 4 13 -6 11 -8 10 -10 -11 -12 -13 -14 -15
leaf_value=-0.093733927774754866 0.012386798297850008 0.0075817561813477626 0.14100046934316635 0.10325076044926565 0.090590077549543763 -0.029216250882467373 0.28841933124666358 0.0035284686377599138 -0.039985514128718022 0.068280137191878268 0.040117617917801808 -0.11231692636796975 -0.045114485745016308 0.093999477381772389
leaf_weight=125.68387732142583 12.425236064940693 11.427803747355936 1.2377127609215666 50.886934503912926 3.3117380887269965 18.133493742905561 0.50909512210637231 30.193210666067898 84.367919345386326 64.373447682708502 76.670940371230245 3.6229023043997577 12.390720373019574 9.0031126439571363
leaf_count=23578 198 83 125 1126 21 2224 31 370 6547 1031 735 190 99 198
internal_value=0 0.049968 -0.0653083 0.0779908 -0.0326004 -0.0849654 -0.0921899 0.0210912 -0.0373671 0.0591295 0.0297799 -0.0430589 -0.0163245 0.101862
internal_weight=0 267.371 236.867 135.691 88.9174 147.949 126.193 131.68 85.6056 75.8013 106.864 21.7564 24.816 59.89
internal_count=36556 3840 32716 2438 6693 26023 23609 1402 6672 1114 1105 2414 297 1324
is_linear=0
shrinkage=0.1


Tree=30
num_leaves=14
num_cat=0
split_feature=3 3 3 1 3 2 2 2 1 2 2 2 1
split_gain=148.12 27.6019 13.4663 8.95738 7.32047 4.98448 3.7582 3.54774 1.41098 1.12116 1.44426 0.327649 0.162229
threshold=0.00056515945470891904 0.99828371405601513 6.526501965709032e-05 0.99907654523849498 0.99830669164657604 0.99326092004776012 0.99751812219619762 0.00010334450416848996 0.00028632809699047362 0.99326092004776012 0.0010230542975477876 0.99892807006835949 0.98879271745681774
decision_type=2 2 2 2 2 2 2 2 2 2 2 2 2
left_child=2 9 6 4 -3 7 8 -4 -1 10 -2 -5 -11
right_child=1 3 5 11 -6 -7 -8 -9 -10 12 -12 -13 -14
leaf_value=-0.093513387038839602 0.013068478126540961 0.061939944746181287 0.024953280674034965 0.082766641932596086 -0.016447541444903003 0.046697493333729669 0.10025584705576432 -0.050878458339789892 -0.062277415122766605 0.014190570825585081 -0.014309551034743418 0.10368388420152526 0.029824756908041053
leaf_weight=117.39817326283082 33.342300714924932 85.650457937270403 6.7613456551916888 8.8675369061529619 13.838094078004358 6.5381198339164248 1.0493156276643265 70.413673455361277 16.503078182693571 15.757991723716261 45.644649483263493 49.115484792739153 11.470998045057057
leaf_count=23768 462 1224 684 191 169 45 11 5856 1990 117 381 1194 111
internal_value=0 0.0426738 -0.0686412 0.0692453 0.0510368 -0.0371321 -0.0881866 -0.0442345 -0.0896641 0.00327968 -0.00275259 0.100486 0.0207778
internal_weight=0 263.688 218.664 157.472 99.4886 83.7131 134.951 77.175 133.901 106.216 78.987 57.983 27.229
internal_count=36203 3849 32354 2778 1393 6585 25769 6540 25758 1071 843 1385 228
is_linear=0
shrinkage=0.1


Tree=31
num_leaves=13
num_cat=0
split_feature=0 0 2 0 2 3 0 2 2 2 0 3
split_gain=166.812 45.9696 9.6314 9.94632 4.56924 4.3371 3.76297 1.04552 0.863737 0.764133 0.725192 0.541662
threshold=0.00010026535528595561 0.99872398376464855 0.00011402240852476099 0.0002133018497261219 0.00047186111623886978 0.00056515945470891904 0.99971818923950206 0.99751812219619762 0.0010230542975477876 0.00064315221970900904 5.8774312492460019e-05 0.99830526113510143
decision_type=2 2 2 2 2 2 2 2 2 2 2 2
left_child=5 2 3 -2 -4 7 8 10 -3 -7 -1 -8
right_child=1 6 4 -5 -6 9 11 -9 -10 -11 -12 -13
leaf_value=-0.094986836944051273 -0.061273821165911624 0.092480035371547198 -0.046727524212798313 0.11098233120917594 -0.00083219146871796464 0.0039890777424705535 0.077023173231760611 0.026617000124303042 0.058371662305796684 -0.049601215371951328 -0.064445011918847231 0.099004559103215872
leaf_weight=143.76111129391938 4.4670594851486412 8.3716426938772184 27.215329378377646 13.422022424172608 106.87759232521057 4.4825404742732626 14.063469391316174 0.72973384335636993 65.820127945393324 6.5449143908917904 8.2284418507479113 55.702443830668926
leaf_count=29369 363 50 972 315 1153 147 317 10 995 90 1008 1414
internal_value=0 0.0374056 -0.000952428 0.0679674 -0.0101473 -0.0883872 0.0779014 -0.0927605 0.0622216 -0.0278189 -0.0933338 0.0945747
internal_weight=0 295.94 151.982 17.8891 134.093 163.747 143.958 152.719 74.1918 11.0275 151.99 69.7659
internal_count=36203 5579 2803 678 2125 30624 2776 30387 1045 237 30377 1731
is_linear=0
shrinkage=0.1


Tree=32
num_leaves=14
num_cat=0
split_feature=0 0 1 1 3 0 3 3 1 0 3 3 1
split_gain=146.754 41.2658 7.88838 8.83803 4.43851 4.0115 2.23752 1.589 0.939824 0.723513 4.70622 0.897405 0.415565
threshold=0.00010026535528595561 0.99872398376464855 0.00022042616910766813 0.00019585240806918594 0.00056515945470891904 0.99974536895751964 0.99830669164657604 0.99830669164657604 0.0016622160910628738 5.8774312492460019e-05 5.38116873940453e-05 0.00018107685173163193 0.99907654523849498
decision_type=2 2 2 2 2 2 2 2 2 2 2 2 2
left_child=4 2 3 -2 9 7 -4 -3 -6 11 -11 -1 -7
right_child=1 5 6 -5 8 12 -8 -9 -10 10 -12 -13 -14
leaf_value=-0.09568810629600509 -0.03150032728579804 0.065922719906752678 -0.0039967054546818813 0.17088947830564877 -0.048802970456152707 0.083165970044885101 -0.066279787916401184 0.014328850423065885 0.011720666127416396 0.18513218900562523 -0.086753200765830193 -0.059107145850272907 0.10361388159976362
leaf_weight=124.46130967023782 3.5951317017897946 79.191162128001451 136.77349287131801 5.3941368679516017 6.6689217761158925 13.86769153550267 6.020998202264308 6.4567641764879218 4.168897969648242 0.69861754775047202 7.0788449188694358 7.094633223488926 35.368225667625666
leaf_count=28586 76 1278 2528 158 189 328 41 113 48 96 913 792 1057
internal_value=0 0.0348631 -0.000903202 0.0899519 -0.0871685 0.0751103 -0.00662335 0.0620334 -0.0255228 -0.0919632 -0.0623101 -0.0937158 0.0978564
internal_weight=0 286.668 151.784 8.98927 150.171 134.884 142.794 85.6479 10.8378 139.333 7.77746 131.556 49.2359
internal_count=36203 5579 2803 234 30624 2776 2569 1391 237 30387 1009 29378 1385
is_linear=0
shrinkage=0.1


Tree=33
num_leaves=14
num_cat=0
split_feature=3 3 1 2 3 1 1 2 3 1 3 2 2
split_gain=98.8036 28.6765 9.091 5.85368 5.73585 4.46964 3.11089 2.81178 1.12776 1.96328 0.975417 0.410871 0.288538
threshold=0.00016322104056598621 0.99828371405601513 0.99907654523849498 0.00010451581329107286 0.99830669164657604 0.000202507151698228 0.00067510860390029858 0.99326092004776012 6.0641774325631566e-05 0.00018911012011813003 0.00013545387628255415 0.99892807006835949 0.00010687705434975216
decision_type=2 2 2 2 2 2 2 2 2 2 2 2 2
left_child=5 3 4 -2 -3 8 -5 10 12 -10 -7 -4 -1
right_child=1 2 11 6 -6 7 -8 -9 9 -11 -12 -13 -14
leaf_value=-0.099021747871205726 0.10908361779541331 0.053588300887059306 0.075964145354918855 -0.028954585801435902 -0.01745920542485593 -0.058746824872806913 0.0034090939678008535 0.025330296140197179 0.022335146128548096 -0.10072345134370542 -0.099240091558278287 0.10224819845146188 -0.067059494273039422
leaf_weight=58.000314528821036 4.4960004999302319 75.202062349766493 7.0772031005471936 43.512357567902654 13.385260190814732 64.716597284423187 93.565576262772083 3.8435294646769753 2.2206014359835526 3.1131383671890944 6.5528623959980896 37.787016903981566 2.9784801076166323
leaf_count=16303 162 1224 191 1572 169 11543 1454 36 341 626 635 1194 753
internal_value=0 0.0281695 0.0614281 -0.00318123 0.0428532 -0.0746834 -0.00686417 -0.0579782 -0.0936045 -0.0494956 -0.0624713 0.0981038 -0.0974617
internal_weight=0 275.025 133.452 141.574 88.5873 141.426 137.078 75.113 66.3125 5.33374 71.2695 44.8642 60.9788
internal_count=36203 5966 2778 3188 1393 30237 3026 12214 18023 967 12178 1385 17056
is_linear=0
shrinkage=0.1


Tree=34
num_leaves=14
num_cat=0
split_feature=0 0 1 1 3 0 1 3 0 3 3 0 1
split_gain=117.704 33.8767 6.6009 6.79475 4.20665 4.14521 1.96333 1.67683 0.776987 4.80077 0.922019 0.759667 0.460182
threshold=0.00010026535528595561 0.99872398376464855 0.00022042616910766813 0.00019585240806918594 0.00056515945470891904 0.99974536895751964 0.0005373598833102734 0.99830669164657604 5.8774312492460019e-05 5.3402925914269879e-05 0.00018107685173163193 3.8520760426763452e-05 0.99907654523849498
decision_type=2 2 2 2 2 2 2 2 2 2 2 2 2
left_child=4 2 3 -2 8 6 -3 -4 10 -10 -1 -6 -7
right_child=1 5 7 -5 11 12 -8 -9 9 -11 -12 -13 -14
leaf_value=-0.09471086841820546 -0.027660422666046892 -0.0017299701725828451 -0.0035886796174757121 0.15016424718670723 -0.053994851521119949 0.079900082966389424 0.061341027223734017 -0.057150179427149485 0.19535273519477012 -0.085059847456658955 -0.056352197116694897 -0.00032190426510870574 0.1029577315329628
leaf_weight=104.72862427937798 3.4837356191128475 5.2901564911007872 135.12510697497055 5.6052420721389353 4.8339083641767484 12.325102258473633 73.606619855388999 6.1082831770181647 0.67453854298218985 6.3492023544386029 6.6708243605680755 5.8009830806404352 29.267375163733959
leaf_count=28586 76 37 2528 158 110 328 1354 41 84 925 792 127 1057
internal_value=0 0.0310756 -0.000589423 0.0820098 -0.0849697 0.0705806 0.057112 -0.00590559 -0.0903801 -0.0581058 -0.0924144 -0.0247209 0.0961272
internal_weight=0 270.812 150.322 9.08898 129.058 120.489 78.8968 141.233 118.423 7.02374 111.399 10.6349 41.5925
internal_count=36203 5579 2803 234 30624 2776 1391 2569 30387 1009 29378 237 1385
is_linear=0
shrinkage=0.1


Tree=35
num_leaves=15
num_cat=0
split_feature=0 0 2 1 0 0 2 2 1 1 1 0 1 1
split_gain=103.352 30.2024 6.90174 5.58302 4.28203 3.29877 2.65429 2.14646 1.96274 1.2736 0.808494 0.368365 3.01094 0.219881
threshold=0.00010026535528595561 0.99872398376464855 0.00010821875912370162 0.00023531346232630315 0.99971818923950206 2.7328891519573521e-05 0.99326092004776012 0.00047186111623886978 0.00019113892631139609 0.98879271745681774 0.99907654523849498 3.1929944270814308e-06 0.00019365674233995381 0.00019756988331209871
decision_type=2 2 2 2 2 2 2 2 2 2 2 2 2 2
left_child=5 2 3 -2 9 11 8 -4 -7 -3 -6 12 -1 -13
right_child=1 4 7 -5 10 6 -8 -9 -10 -11 -12 13 -14 -15
leaf_value=-0.10022586306057804 0.16035839608052421 0.069741770976472189 -0.030208976175727337 0.022378404913818602 0.073536816737134136 0.062615315160482798 0.061699227081389613 -0.00038979786711906313 -0.067577071844026476 0.039905168533549647 0.099537234765636959 -0.098109064264567461 0.25156309121498199 -0.088274567718959349
leaf_weight=1.681069544982164 4.4107763622887424 22.042814016342163 31.241955436766148 8.7470768666826171 19.514276806265116 1.220466798171407 1.9104250147938717 106.17663877829909 22.347833603154868 40.782672841101885 30.969805095344782 45.434719186276197 0.28346481104381371 45.869784765178338
leaf_count=591 137 233 1194 319 525 202 14 1153 2947 812 1206 15404 92 11374
internal_value=0 0.0288029 -0.000544379 0.0686408 0.0678021 -0.0835357 -0.0516431 -0.00716933 -0.0608327 0.0503745 0.0894886 -0.0922473 -0.0493632 -0.0931694
internal_weight=0 263.886 150.576 13.1579 113.31 118.748 25.4787 137.419 23.5683 62.8255 50.4841 93.269 1.96453 91.3045
internal_count=36203 5579 2803 456 2776 30624 3163 2347 3149 1045 1731 27461 683 26778
is_linear=0
shrinkage=0.1


end of trees

feature_importances:
Column_2=131
Column_0=114
Column_3=114
Column_1=106

parameters:
[boosting: gbdt]
[objective: binary]
[metric: auc]
[tree_learner: serial]
[device_type: cpu]
[linear_tree: 0]
[data: ]
[valid: ]
[num_iterations: 39]
[learning_rate: 0.1]
[num_leaves: 16]
[num_threads: 0]
[deterministic: 0]
[force_col_wise: 0]
[force_row_wise: 0]
[histogram_pool_size: -1]
[max_depth: 4]
[min_data_in_leaf: 91]
[min_sum_hessian_in_leaf: 0.001]
[bagging_fraction: 0.6]
[pos_bagging_fraction: 1]
[neg_bagging_fraction: 1]
[bagging_freq: 10]
[bagging_seed: 3]
[feature_fraction: 0.7]
[feature_fraction_bynode: 1]
[feature_fraction_seed: 2]
[extra_trees: 0]
[extra_seed: 6]
[early_stopping_round: 100]
[first_metric_only: 0]
[max_delta_step: 0]
[lambda_l1: 1e-05]
[lambda_l2: 0.001]
[linear_lambda: 0]
[min_gain_to_split: 0]
[drop_rate: 0.1]
[max_drop: 50]
[skip_drop: 0.5]
[xgboost_dart_mode: 0]
[uniform_drop: 0]
[drop_seed: 4]
[top_rate: 0.2]
[other_rate: 0.1]
[min_data_per_group: 100]
[max_cat_threshold: 32]
[cat_l2: 10]
[cat_smooth: 10]
[max_cat_to_onehot: 4]
[top_k: 20]
[monotone_constraints: ]
[monotone_constraints_method: basic]
[monotone_penalty: 0]
[feature_contri: ]
[forcedsplits_filename: ]
[refit_decay_rate: 0.9]
[cegb_tradeoff: 1]
[cegb_penalty_split: 0]
[cegb_penalty_feature_lazy: ]
[cegb_penalty_feature_coupled: ]
[path_smooth: 0]
[interaction_constraints: ]
[verbosity: 1]
[saved_feature_importance_type: 0]
[max_bin: 105]
[max_bin_by_feature: ]
[min_data_in_bin: 3]
[bin_construct_sample_cnt: 200000]
[data_random_seed: 1]
[is_enable_sparse: 1]
[enable_bundle: 1]
[use_missing: 1]
[zero_as_missing: 0]
[feature_pre_filter: 1]
[pre_partition: 0]
[two_round: 0]
[header: 0]
[label_column: ]
[weight_column: ]
[group_column: ]
[ignore_column: ]
[categorical_feature: ]
[forcedbins_filename: ]
[objective_seed: 5]
[num_class: 1]
[is_unbalance: 0]
[scale_pos_weight: 1]
[sigmoid: 1]
[boost_from_average: 1]
[reg_sqrt: 0]
[alpha: 0.9]
[fair_c: 1]
[poisson_max_delta_step: 0.7]
[tweedie_variance_power: 1.5]
[lambdarank_truncation_level: 30]
[lambdarank_norm: 1]
[label_gain: ]
[eval_at: ]
[multi_error_top_k: 1]
[auc_mu_weights: ]
[num_machines: 1]
[local_listen_port: 12400]
[time_out: 120]
[machine_list_filename: ]
[machines: ]
[gpu_platform_id: -1]
[gpu_device_id: -1]
[gpu_use_dp: 0]
[num_gpu: 1]

end of parameters

pandas_categorical:null
